data = [
-0.004813066084872	0.022419255230278	0.030721712646548
-0.003801077720508	0.023771802212234	0.032157034278866
-0.003657752171624	0.008256927644572	0.033178609810609
-0.003701398638134	0.009095105897253	0.032845984766154
0.006608084973199	0.021939541289491	0.033359906330289
0.011513435114915	0.019733155111078	0.036285202416558
0.004496505188161	0.022752644950792	0.036442420076475
0.002882541600831	0.023076333409693	0.036464873902663
-0.003502165117499	0.026198796821620	0.037675219369793
-0.000125341974917	0.017621601349819	0.036988382727399
-0.004012842528968	0.015754559807179	0.035250273328517
-0.004475847011937	0.007009374492577	0.034626318092334
-0.004609613446774	0.013107358046764	0.033050133674470
-0.004340913114288	0.014071348357770	0.033269269999247
-0.007813771571604	0.040338493966897	0.046889437184134
-0.004507335037136	0.019397159882735	0.042548284927996
0.003816920229505	0.007442883907080	0.036726727447283
0.002706372032127	0.003172927040577	0.032187346814941
0.005728640870203	0.002811952643720	0.027932700113760
0.005845715905542	0.005949273890209	0.025793134216886
0.006065010121854	0.015579335357507	0.023950723011848
0.003957466338257	0.023762149932447	0.024408382469233
0.004595821732597	0.018611371367678	0.024532387843259
0.003187070725718	0.009829699068503	0.024586626037854
0.001148688086543	0.019374193343590	0.024454889761934
-0.000376001496331	0.014288225296897	0.024664094236907
-0.002661932986403	0.003147626142993	0.022667559604094
0.002471188528070	0.005328331051787	0.021645355049640
0.007809874573102	0.033319616460179	0.023173624625722
0.007031540687558	0.033610632058638	0.026587411667557
0.003291481222477	0.029550737415625	0.027902009601405
0.001977874292114	0.030762654797019	0.029540105648686
0.004751526546796	0.014059985568299	0.030036113404398
0.000626933813660	0.005221943981152	0.029119846125509
0.001342230343178	-0.007131310611076	0.024547885350264
0.001815132133428	-0.019462737114839	0.018812448480388
0.011191051011754	0.003600773710257	0.018504982383135
0.010127323971680	0.005644030060707	0.018883362677763
0.012538740428094	0.001354763431546	0.018205131957985
0.007020586101826	0.005767948739575	0.017691614960554
0.006639512837040	0.006383562712956	0.017628359117399
0.014476034663314	0.004932491604656	0.016630520010263
0.010372514863921	0.006592458654978	0.016416314642346
0.003596372954747	0.002480993669569	0.016662242625002
0.014402685724441	0.006255125078423	0.016225796112021
0.011121660516881	0.009762344590556	0.016709820981221
0.010704628429019	0.018432803712025	0.018418210810321
0.010645263127785	0.010562599403642	0.020086644921050
0.012965803536559	0.011359225569021	0.020714120549095
0.005017612860776	0.018044138727657	0.020839476905670
0.008557329483364	0.020962973261776	0.022145135849483
0.011049211003747	0.019464196720200	0.024478141033273
0.001209102237305	0.027493956491893	0.024865429360285
0.009136095768077	0.026899669637637	0.025885766380817
-0.000640913167972	0.032016213898958	0.027110780386440
-0.008802751568613	0.009490477669615	0.026086383366289
-0.018857385671431	0.015485232004726	0.022947934561099
-0.006703743810882	0.020809074188044	0.018788807123622
-0.001028778788879	0.016107203466122	0.017446432832481
0.003219760782223	0.003889542048662	0.017082287218689
0.007834335823885	0.011578670460547	0.017169401102007
0.003313637728764	0.009927534760418	0.016035170368105
0.007599030892634	0.007570058860545	0.015454689931039
0.007220791434762	0.004514680354528	0.014043075580655
0.006028062685926	0.014533514616167	0.013531207125316
0.002245036348669	0.018692133012149	0.013371089077856
-0.000559803211801	0.015135424065104	0.013451157588152
0.004009714498057	0.012440181758197	0.013427139027479
0.000370073419178	0.014726773867390	0.013483179678725
0.005298515925643	0.014513039805303	0.013635243178683
-0.000656744666481	0.009219802376791	0.012561331198315
0.000703327335509	0.016518157468567	0.012159740984878
0.000729435432864	0.015920734286844	0.012392721514959
0.006797423256590	0.013076355007708	0.012489080219854
0.000866924068140	0.015469209533340	0.012489080219854
0.009078871788059	0.007963093519927	0.012473022345366
-0.007625492365787	0.021033580321038	0.013483179678725
-0.001857693372825	0.019686886202785	0.014091023524754
0.001976622057522	0.012411238473747	0.014705752645463
0.006512104669154	0.002103682218342	0.014498306717784
0.001261981714476	0.006284623408296	0.014418485924622
-0.008209880976227	0.023017655711238	0.014107004659918
-0.002450822317963	0.012992158293653	0.015016683185338
-0.002234952643914	0.004545462371675	0.015653596675672
-0.006091710275857	0.023161289357264	0.016923840968722
0.004915123946919	0.021914682705395	0.017485990327227
-0.004595921469528	0.012208410159392	0.017802284309219
-0.006896615245283	0.009943263740331	0.018197237580006
-0.004839479557577	0.018207785922184	0.017810187883119
0.005408158465920	0.011042210195683	0.017984019909762
];

y_obs = data(:,1);           
pi_obs = data(:,2);
r_obs = data(:,3);