Starting Dynare (version 4.4.3).
Starting preprocessing of the model file ...
Found 14 equation(s).
Evaluating expressions...done
Computing static model derivatives:
 - order 1
Computing dynamic model derivatives:
 - order 1
Processing outputs ...done
Preprocessing completed.
Starting MATLAB/Octave computing.




Residuals of the static equations:

Equation number 1 : 0
Equation number 2 : 0
Equation number 3 : 0
Equation number 4 : 0
Equation number 5 : 0
Equation number 6 : 0
Equation number 7 : 0
Equation number 8 : 0
Equation number 9 : 0
Equation number 10 : 0
Equation number 11 : 0
Equation number 12 : 0
Equation number 13 : 0
Equation number 14 : 0



EIGENVALUES:
         Modulus             Real        Imaginary

       6.204e-18       -6.204e-18                0
            0.42             0.42                0
          0.4855           0.4855                0
          0.9838           0.9838                0
            1.04             1.04                0
           1.057            1.057                0
           2.142            2.142                0
       1.524e+16       -1.524e+16                0
       6.063e+33        6.063e+33                0
       3.678e+36       -3.678e+36                0


There are 6 eigenvalue(s) larger than 1 in modulus 
for 6 forward-looking variable(s)

The rank condition is verified.


STEADY-STATE RESULTS:

c        		 0.110602
h        		 0.00739062
y        		 0.396416
i        		 -1.07949
k        		 1.22309
a        		 0
lambda   		 2.11473
util     		 -1.36835
d        		 0.7442
tb_y     		 0.0200257
ca_y     		 0
r        		 -3.21888
beta_fun 		 0.961538
eta      		 3.5717

MODEL SUMMARY

  Number of variables:         14
  Number of stochastic shocks: 1
  Number of state variables:   4
  Number of jumpers:           6
  Number of static variables:  5


MATRIX OF COVARIANCE OF EXOGENOUS SHOCKS

Variables       e    
e            1.000000

POLICY AND TRANSITION FUNCTIONS
                                c               h               y               i               k               a               lambda          util            d               tb_y            ca_y            r               beta_fun        eta     
Constant                    0.110602        0.007391        0.396416       -1.079491        1.223094               0        2.114730       -1.368349        0.744200        0.020026               0       -3.218876        0.961538        3.571701
a(-1)                       0.541117        0.541935        0.788516        2.830242        0.283024        0.420000       -0.273330        0.317509        0.393909       -0.280784       -0.264993               0       -0.004261       -0.239993
d(-1)                      -0.050328               0               0               0               0               0        0.271436       -0.315310        0.983786        0.037817        0.010908               0        0.004232        0.238330
r(-1)                      -0.001441               0               0               0               0               0        0.007769       -0.009025        0.028159        0.001082       -0.018943               0        0.000121        0.006822
k(-1)                       0.544666        0.412903        0.600774       -4.144634        0.485537               0       -0.922256        1.071324       -1.692894        1.126824        1.138855               0       -0.014379       -0.809772
e                           0.016620        0.016645        0.024219        0.086929        0.008693        0.012900       -0.008395        0.009752        0.012099       -0.008624       -0.008139               0       -0.000131       -0.007371


THEORETICAL MOMENTS

VARIABLE      MEAN    STD. DEV.   VARIANCE 
c              0.1106     0.0235     0.0006
h              0.0074     0.0211     0.0004
y              0.3964     0.0307     0.0009
i             -1.0795     0.0910     0.0083
k              1.2231     0.0135     0.0002
a              0.0000     0.0142     0.0002
lambda         2.1147     0.0468     0.0022
util          -1.3683     0.0544     0.0030
d              0.7442     0.1582     0.0250
tb_y           0.0200     0.0155     0.0002
ca_y           0.0000     0.0146     0.0002
r             -3.2189     0.0000     0.0000
beta_fun       0.9615     0.0007     0.0000
eta            3.5717     0.0411     0.0017



MATRIX OF CORRELATIONS

Variables       c         h         y         i         k         a      lambda     util        d       tb_y      ca_y    beta_fun     eta   
c              1.0000    0.9376    0.9376    0.5581    0.9321    0.8899   -0.6454    0.6454   -0.3417   -0.0701    0.0623   -0.6454   -0.6454
h              0.9376    1.0000    1.0000    0.6581    0.9760    0.9696   -0.3395    0.3395    0.0061   -0.0122    0.0263   -0.3395   -0.3395
y              0.9376    1.0000    1.0000    0.6581    0.9760    0.9696   -0.3395    0.3395    0.0061   -0.0122    0.0263   -0.3395   -0.3395
i              0.5581    0.6581    0.6581    1.0000    0.4783    0.8224   -0.0640    0.0640    0.1441   -0.7025   -0.7301   -0.0640   -0.0640
k              0.9321    0.9760    0.9760    0.4783    1.0000    0.8930   -0.3775    0.3775   -0.0346    0.1890    0.2418   -0.3775   -0.3775
a              0.8899    0.9696    0.9696    0.8224    0.8930    1.0000   -0.2774    0.2774    0.0514   -0.2376   -0.2175   -0.2774   -0.2774
lambda        -0.6454   -0.3395   -0.3395   -0.0640   -0.3775   -0.2774    1.0000   -1.0000    0.9378    0.1627   -0.1109    1.0000    1.0000
util           0.6454    0.3395    0.3395    0.0640    0.3775    0.2774   -1.0000    1.0000   -0.9378   -0.1627    0.1109   -1.0000   -1.0000
d             -0.3417    0.0061    0.0061    0.1441   -0.0346    0.0514    0.9378   -0.9378    1.0000    0.2076   -0.0686    0.9378    0.9378
tb_y          -0.0701   -0.0122   -0.0122   -0.7025    0.1890   -0.2376    0.1627   -0.1627    0.2076    1.0000    0.9609    0.1627    0.1627
ca_y           0.0623    0.0263    0.0263   -0.7301    0.2418   -0.2175   -0.1109    0.1109   -0.0686    0.9609    1.0000   -0.1109   -0.1109
beta_fun      -0.6454   -0.3395   -0.3395   -0.0640   -0.3775   -0.2774    1.0000   -1.0000    0.9378    0.1627   -0.1109    1.0000    1.0000
eta           -0.6454   -0.3395   -0.3395   -0.0640   -0.3775   -0.2774    1.0000   -1.0000    0.9378    0.1627   -0.1109    1.0000    1.0000



COEFFICIENTS OF AUTOCORRELATION

Order         1       2       3       4       5   
c           0.6988  0.4959  0.3725  0.3010  0.2604
h           0.6122  0.3505  0.1925  0.1029  0.0539
y           0.6122  0.3505  0.1925  0.1029  0.0539
i           0.0700 -0.1405 -0.1415 -0.0995 -0.0612
k           0.7522  0.4772  0.2787  0.1551  0.0836
a           0.4200  0.1764  0.0741  0.0311  0.0131
lambda      0.9838  0.9678  0.9521  0.9367  0.9215
util        0.9838  0.9678  0.9521  0.9367  0.9215
d           0.9906  0.9755  0.9592  0.9430  0.9272
tb_y        0.3268  0.1113  0.0531  0.0440  0.0473
ca_y        0.3022  0.0657 -0.0061 -0.0228 -0.0232
beta_fun    0.9838  0.9678  0.9521  0.9367  0.9215
eta         0.9838  0.9678  0.9521  0.9367  0.9215

std(y):              	 3.1 
std(c):                	 2.3 
std(i):                	 9.1 
std(h):                	 2.1 
std(tb/y):             	 1.5 
std(ca/y):             	 1.5 
corr(y_t,y_t-1):       	 0.61 
corr(c_t,c_t-1):       	 0.70 
corr(i_t,i_t-1):       	 0.070 
corr(h_t,h_t-1):       	 0.61 
corr(tb/y_t,tb/y_t-1): 	 0.33 
corr(ca/y_t,ca/y_t-1): 	 0.30 
corr(c_t,y_t):         	 0.94 
corr(i_t,y_t):         	 0.66 
corr(h_t,y_t):         	 1.0 
corr(tb/y_t,y_t):      	 -0.012 
corr(ca/y_t,y_t):      	 0.026 

MODEL SUMMARY

  Number of variables:         14
  Number of stochastic shocks: 1
  Number of state variables:   4
  Number of jumpers:           6
  Number of static variables:  5


MATRIX OF COVARIANCE OF EXOGENOUS SHOCKS

Variables        e      
e            6009.254252

POLICY AND TRANSITION FUNCTIONS
                                c               h               y               i               k               a               lambda          util            d               tb_y            ca_y            r               beta_fun        eta     
Constant                    0.110602        0.007391        0.396416       -1.079491        1.223094               0        2.114730       -1.368349        0.744200        0.020026               0       -3.218876        0.961538        3.571701
a(-1)                       0.541117        0.541935        0.788516        2.830242        0.283024        0.420000       -0.273330        0.317509        0.393909       -0.280784       -0.264993               0       -0.004261       -0.239993
d(-1)                      -0.050328               0               0               0               0               0        0.271436       -0.315310        0.983786        0.037817        0.010908               0        0.004232        0.238330
r(-1)                      -0.001441               0               0               0               0               0        0.007769       -0.009025        0.028159        0.001082       -0.018943               0        0.000121        0.006822
k(-1)                       0.544666        0.412903        0.600774       -4.144634        0.485537               0       -0.922256        1.071324       -1.692894        1.126824        1.138855               0       -0.014379       -0.809772
e                           0.016620        0.016645        0.024219        0.086929        0.008693        0.012900       -0.008395        0.009752        0.012099       -0.008624       -0.008139               0       -0.000131       -0.007371


THEORETICAL MOMENTS

VARIABLE      MEAN    STD. DEV.   VARIANCE 
c              0.1106     1.8200     3.3126
h              0.0074     1.6333     2.6675
y              0.3964     2.3764     5.6472
i             -1.0795     7.0544    49.7649
k              1.2231     1.0445     1.0910
a              0.0000     1.1019     1.2142
lambda         2.1147     3.6286    13.1669
util          -1.3683     4.2151    17.7674
d              0.7442    12.2673   150.4877
tb_y           0.0200     1.2001     1.4403
ca_y           0.0000     1.1318     1.2809
r             -3.2189     0.0000     0.0000
beta_fun       0.9615     0.0566     0.0032
eta            3.5717     3.1861    10.1510



MATRIX OF CORRELATIONS

Variables       c         h         y         i         k         a      lambda     util        d       tb_y      ca_y    beta_fun     eta   
c              1.0000    0.9376    0.9376    0.5581    0.9321    0.8899   -0.6454    0.6454   -0.3417   -0.0701    0.0623   -0.6454   -0.6454
h              0.9376    1.0000    1.0000    0.6581    0.9760    0.9696   -0.3395    0.3395    0.0061   -0.0122    0.0263   -0.3395   -0.3395
y              0.9376    1.0000    1.0000    0.6581    0.9760    0.9696   -0.3395    0.3395    0.0061   -0.0122    0.0263   -0.3395   -0.3395
i              0.5581    0.6581    0.6581    1.0000    0.4783    0.8224   -0.0640    0.0640    0.1441   -0.7025   -0.7301   -0.0640   -0.0640
k              0.9321    0.9760    0.9760    0.4783    1.0000    0.8930   -0.3775    0.3775   -0.0346    0.1890    0.2418   -0.3775   -0.3775
a              0.8899    0.9696    0.9696    0.8224    0.8930    1.0000   -0.2774    0.2774    0.0514   -0.2376   -0.2175   -0.2774   -0.2774
lambda        -0.6454   -0.3395   -0.3395   -0.0640   -0.3775   -0.2774    1.0000   -1.0000    0.9378    0.1627   -0.1109    1.0000    1.0000
util           0.6454    0.3395    0.3395    0.0640    0.3775    0.2774   -1.0000    1.0000   -0.9378   -0.1627    0.1109   -1.0000   -1.0000
d             -0.3417    0.0061    0.0061    0.1441   -0.0346    0.0514    0.9378   -0.9378    1.0000    0.2076   -0.0686    0.9378    0.9378
tb_y          -0.0701   -0.0122   -0.0122   -0.7025    0.1890   -0.2376    0.1627   -0.1627    0.2076    1.0000    0.9609    0.1627    0.1627
ca_y           0.0623    0.0263    0.0263   -0.7301    0.2418   -0.2175   -0.1109    0.1109   -0.0686    0.9609    1.0000   -0.1109   -0.1109
beta_fun      -0.6454   -0.3395   -0.3395   -0.0640   -0.3775   -0.2774    1.0000   -1.0000    0.9378    0.1627   -0.1109    1.0000    1.0000
eta           -0.6454   -0.3395   -0.3395   -0.0640   -0.3775   -0.2774    1.0000   -1.0000    0.9378    0.1627   -0.1109    1.0000    1.0000



COEFFICIENTS OF AUTOCORRELATION

Order         1       2       3       4       5   
c           0.6988  0.4959  0.3725  0.3010  0.2604
h           0.6122  0.3505  0.1925  0.1029  0.0539
y           0.6122  0.3505  0.1925  0.1029  0.0539
i           0.0700 -0.1405 -0.1415 -0.0995 -0.0612
k           0.7522  0.4772  0.2787  0.1551  0.0836
a           0.4200  0.1764  0.0741  0.0311  0.0131
lambda      0.9838  0.9678  0.9521  0.9367  0.9215
util        0.9838  0.9678  0.9521  0.9367  0.9215
d           0.9906  0.9755  0.9592  0.9430  0.9272
tb_y        0.3268  0.1113  0.0531  0.0440  0.0473
ca_y        0.3022  0.0657 -0.0061 -0.0228 -0.0232
beta_fun    0.9838  0.9678  0.9521  0.9367  0.9215
eta         0.9838  0.9678  0.9521  0.9367  0.9215
Total computing time : 0h00m23s
Note: warning(s) encountered in MATLAB/Octave code
