data = [
0.0009965542901624	0.0162652950233779	0.0277333333333333	0.0000000000000000
0.0141386721368790	0.0148827965283438	0.0300000000000000	0.0104504106370360
0.0051428736060721	0.0125362418430162	0.0354000000000000	0.0100269885675406
-0.0017993870114781	0.0117856744611142	0.0423000000000000	0.0019795047488485
0.0104074107607408	0.0133080079070012	0.0387333333333333	-0.0003845082385139
-0.0049513425354277	0.0142517345944593	0.0299333333333333	0.0042406796202963
-0.0100746982914575	0.0138975046435204	0.0236000000000000	0.0125874497018961
-0.0329002649552796	0.0129469185699369	0.0230666666666667	0.0112391356238080
-0.0362304152285295	0.0110458560950031	0.0235000000000000	0.0134269428732523
-0.0291221069668821	0.0108996168296449	0.0230333333333333	0.0128041985974834
-0.0201799411885539	0.0099711247955963	0.0230333333333333	0.0108930937515153
-0.0108223270584480	0.0101789622582871	0.0246000000000000	0.0165915091431543
-0.0033992113096346	0.0131666690690033	0.0272333333333333	0.0154460738145970
-0.0048770272978129	0.0124306087423718	0.0271666666666667	0.0128582666421044
-0.0032726434027897	0.0119882145576304	0.0284000000000000	0.0087112091503689
-0.0106700230658991	0.0108968829688179	0.0281333333333333	0.0131964054020770
-0.0105988970501096	0.0101416585748049	0.0290666666666667	0.0157773520739424
-0.0102481517471156	0.0103003193117805	0.0294000000000000	0.0144286923321744
0.0006349868643190	0.0095230468757750	0.0329333333333333	0.0129983447893567
-0.0037653266226285	0.0155204091974017	0.0349666666666667	0.0122328958883502
0.0063229362988699	0.0143037444639700	0.0353000000000000	0.0115329149623271
0.0062161065657573	0.0148527595339054	0.0347666666666667	0.0121209298384946
0.0107886620241779	0.0175220621249346	0.0349666666666667	0.0161463558245281
0.0030013930308588	0.0139758274569020	0.0368333333333333	0.0153090731423848
0.0158341337332590	0.0158579559527516	0.0389000000000000	0.0132277384118717
0.0176167164638228	0.0181342547203482	0.0387333333333333	0.0106810206430632
0.0285272610311362	0.0179501436316380	0.0386666666666667	0.0139452033291985
0.0402094608741415	0.0203255596764391	0.0416666666666667	0.0175142255436427
0.0531369118096672	0.0216651349021384	0.0461000000000000	0.0119944531576133
0.0453311281648405	0.0252544292647299	0.0458666666666667	-0.0047486006551010
0.0424891987288789	0.0310522186663498	0.0504333333333333	-0.0083311778393362
0.0395364447877631	0.0325165034656036	0.0521000000000000	-0.0040060451186861
0.0371454186148652	0.0302731127486586	0.0451333333333333	0.0019399722681825
0.0266076992083937	0.0272015037393709	0.0366000000000000	0.0132922085973703
0.0249187299588343	0.0271033844292501	0.0430000000000000	0.0186948289617490
0.0211851399418124	0.0298180524338334	0.0475333333333333	0.0131611855452354
0.0301495587768819	0.0367129838158444	0.0505000000000000	0.0106014936317065
0.0355913912251178	0.0420806237209939	0.0552000000000000	0.0096687921816008
0.0320463131639226	0.0423500015729532	0.0519666666666667	0.0144586222158631
0.0246380015234045	0.0453029329814667	0.0558666666666667	0.0151140439294384
0.0293469388692871	0.0445193150760441	0.0609333333333333	0.0111024808006901
0.0222181785166291	0.0467110318182717	0.0619666666666667	0.0014504542624803
0.0192846252815739	0.0508592561371448	0.0702333333333333	-0.0040116137291459
0.0054153151987291	0.0496453730747541	0.0735333333333333	0.0014035589997015
-0.0045603918965909	0.0533865100181239	0.0721000000000000	-0.0021018132157922
-0.0111854525165409	0.0545871202877435	0.0667666666666667	-0.0063990021941862
-0.0096633098130896	0.0488108369299698	0.0632666666666667	0.0086879216450182
-0.0277993845579498	0.0491574786287461	0.0535333333333333	0.0161041196425247
-0.0083030157738246	0.0502337495167868	0.0384000000000000	0.0209440372145142
-0.0102702990332353	0.0494273519221502	0.0425000000000000	0.0243053733937675
-0.0094708193627540	0.0513943550653861	0.0501000000000000	0.0189961503534715
-0.0145785248767116	0.0465509282048733	0.0423000000000000	0.0158321661176384
-0.0039415682929493	0.0465524956901118	0.0343666666666667	0.0184334534493953
0.0108601378821152	0.0397122760789954	0.0377000000000000	0.0174673348660139
0.0125761404828268	0.0391099345643195	0.0422000000000000	0.0193136884795928
0.0214518538066857	0.0434860327250401	0.0486333333333333	0.0223698855608205
0.0379532757792371	0.0398632265829351	0.0570000000000000	0.0185277509034103
0.0404268337361930	0.0489031329901577	0.0660333333333333	0.0117431748923034
0.0266948680268784	0.0586726302894518	0.0832333333333333	0.0103103360471186
0.0274905474657210	0.0657057976726199	0.0750000000000000	0.0091167613156182
0.0101113739177472	0.0729720541924017	0.0761666666666667	0.0117365966860694
0.0037209487707268	0.0810631934698685	0.0815333333333333	0.0067513690057641
-0.0144055296915968	0.0906585893382355	0.0819000000000000	0.0101155536146020
-0.0267844928104890	0.0999448764732067	0.0736000000000000	0.0079087648838980
-0.0472751186185341	0.1036873726368640	0.0575000000000000	0.0105556483807394
-0.0481815622028190	0.0951072371349326	0.0539333333333333	0.0244116024358130
-0.0390987797157889	0.0837169582258186	0.0633000000000000	0.0241805298143429
-0.0335529689558021	0.0713027732911562	0.0562666666666667	0.0141654335847061
-0.0190570303038555	0.0593778660988442	0.0491666666666667	0.0222137295774480
-0.0195447755394036	0.0546332217445937	0.0515666666666667	0.0216119280368074
-0.0220386067925684	0.0499860981369684	0.0515000000000000	0.0131595041701171
-0.0228416848872768	0.0511428923888819	0.0467333333333333	0.0194744924405734
-0.0192940239673041	0.0565993051632443	0.0463000000000000	0.0228839146912856
-0.0083726672718911	0.0605831720544825	0.0484000000000000	0.0181883209875568
0.0011246023738321	0.0598319589301646	0.0549666666666667	0.0128623422924274
-0.0073950659964175	0.0634565337885862	0.0611000000000000	0.0158992270586422
-0.0128805400998151	0.0619059740068262	0.0639333333333333	0.0157743647652726
0.0162630115578675	0.0668401480650926	0.0647666666666667	0.0146757148136132
0.0173343828398420	0.0715667938144509	0.0731333333333333	0.0070170966912171
0.0216848066290884	0.0704863670971427	0.0857000000000000	0.0062270293903248
0.0143221815121737	0.0740833413085134	0.0938333333333333	-0.0068291143163402
0.0068067742506202	0.0793549027313283	0.0937666666666667	0.0084678607309643
0.0063736685522091	0.0841653979614536	0.0967333333333333	0.0107372987854184
0.0018582050206319	0.0822681272149381	0.1184333333333330	-0.0120572811165260
-0.0011131444601156	0.0850058628247354	0.1335333333333330	-0.0049571997780662
-0.0270355579041164	0.0843250612319237	0.0961666666666667	-0.0138104760979525
-0.0323295575868681	0.0847722915909164	0.0915333333333333	0.0338552794303375
-0.0183768666589175	0.0921156892880868	0.1361333333333330	0.0134980569153216
-0.0043049552618095	0.0973334829738359	0.1439000000000000	-0.0137761965283492
-0.0177180933154215	0.0934324331578456	0.1490666666666670	0.0080055465626145
-0.0123434513521210	0.0899847455336551	0.1505333333333330	-0.0028771873152618
-0.0303472381964043	0.0814005525931472	0.1175000000000000	0.0026889484901034
-0.0534771019496696	0.0690699535170931	0.1281333333333330	0.0174843595575309
-0.0567075576611522	0.0623584651861524	0.1242000000000000	0.0096408486060566
-0.0685744071158125	0.0577931194184957	0.0931666666666667	0.0115951884841339
-0.0764258099630317	0.0509576887872565	0.0790666666666667	0.0248662202799315
-0.0715265129490161	0.0448216220915802	0.0810666666666667	0.0032909840227680
-0.0573361074711016	0.0393081684752885	0.0839666666666667	0.0137317644610224
-0.0460036278715283	0.0358112797919854	0.0914000000000000	0.0099404572360768
-0.0340625379982851	0.0330548482679522	0.0880000000000000	0.0074828673564200
-0.0236530630632870	0.0355913613778105	0.0917000000000000	0.0113835370666635
-0.0156923419803148	0.0367207080587093	0.0979666666666667	0.0168657903301543
-0.0153941807454614	0.0349871490490861	0.1032000000000000	0.0053568779622877
-0.0165856547970762	0.0348965432900297	0.0880333333333333	0.0080103211522253
