Starting Dynare (version 6.1).
Calling Dynare with arguments: none
Starting preprocessing of the model file ...
Found 8 equation(s).
Evaluating expressions...
Computing static model derivatives (order 1).
Normalizing the static model...
Finding the optimal block decomposition of the static model...
4 block(s) found:
  3 recursive block(s) and 1 simultaneous block(s).
  the largest simultaneous block has 5 equation(s)
                                 and 5 feedback variable(s).
Computing dynamic model derivatives (order 2).
Normalizing the dynamic model...
Finding the optimal block decomposition of the dynamic model...
2 block(s) found:
  1 recursive block(s) and 1 simultaneous block(s).
  the largest simultaneous block has 6 equation(s)
                                 and 6 feedback variable(s).
Preprocessing completed.
Preprocessing time: 0h00m00s.

STEADY-STATE RESULTS:

y 		 0
c 		 0
n 		 0
v 		 0
k 		 0
r 		 0
z 		 0
g 		 0

EIGENVALUES:
         Modulus             Real        Imaginary
            0.75             0.75                0
          0.9335           0.9335                0
            0.95             0.95                0
           1.081            1.081                0
       6.448e+16       -6.448e+16                0

There are 2 eigenvalue(s) larger than 1 in modulus for 2 forward-looking variable(s)
The rank condition is verified.


MODEL SUMMARY

  Number of variables:         8
  Number of stochastic shocks: 2
  Number of state variables:   3
  Number of jumpers:           2
  Number of static variables:  3


MATRIX OF COVARIANCE OF EXOGENOUS SHOCKS
Variables     epsilon  epsilong
epsilon      0.000100  0.000000
epsilong     0.000000  0.000100

POLICY AND TRANSITION FUNCTIONS
                                   y               c               n               v               k               r               z               g
k(-1)                      -0.169983        0.288130       -0.746244       -1.660990        0.933475       -0.041068               0               0
z(-1)                       1.536575        0.330545        0.875485        5.461801        0.136545        0.053935        0.950000               0
g(-1)                       0.281668       -0.069366        0.420400       -1.766833       -0.044171        0.009887               0        0.750000
epsilon                     1.617447        0.347942        0.921563        5.749264        0.143732        0.056774        1.000000               0
epsilong                    0.375558       -0.092488        0.560534       -2.355778       -0.058894        0.013182               0        1.000000


MOMENTS OF SIMULATED VARIABLES
VARIABLE              MEAN       STD. DEV.        VARIANCE        SKEWNESS        KURTOSIS
y                -0.017188        0.036113        0.001304        0.389417       -0.667886
c                -0.011922        0.016352        0.000267        0.579830       -1.015750
n                 0.006656        0.023953        0.000574       -0.603540       -0.455127
v                -0.019032        0.137171        0.018816        0.239221       -0.507737
k                -0.027043        0.033960        0.001153        0.546419       -1.103514
r                 0.000353        0.001373        0.000002       -0.456890       -0.608587
z                -0.012655        0.024735        0.000612        0.479836       -0.728208
g                -0.003595        0.013548        0.000184       -0.092188        0.212718


CORRELATION OF SIMULATED VARIABLES
VARIABLE          y        c        n        v        k        r        z        g
y            1.0000   0.7620   0.4672   0.9047   0.4666   0.5892   0.9825  -0.1910
c            0.7620   1.0000  -0.2165   0.5935   0.9192  -0.0617   0.8537  -0.3045
n            0.4672  -0.2165   1.0000   0.5537  -0.5516   0.9726   0.3156   0.1277
v            0.9047   0.5935   0.5537   1.0000   0.2305   0.7201   0.9015  -0.5161
k            0.4666   0.9192  -0.5516   0.2305   1.0000  -0.4391   0.5853  -0.1535
r            0.5892  -0.0617   0.9726   0.7201  -0.4391   1.0000   0.4671  -0.0861
z            0.9825   0.8537   0.3156   0.9015   0.5853   0.4671   1.0000  -0.3146
g           -0.1910  -0.3045   0.1277  -0.5161  -0.1535  -0.0861  -0.3146   1.0000


AUTOCORRELATION OF SIMULATED VARIABLES
VARIABLE         1       2       3       4       5
y           0.8832  0.7647  0.6687  0.5866  0.5239
c           0.9654  0.9300  0.8915  0.8480  0.8037
n           0.8789  0.7563  0.6672  0.5970  0.5405
v           0.8798  0.7692  0.6736  0.5751  0.4939
k           0.9885  0.9735  0.9508  0.9217  0.8874
r           0.8893  0.7787  0.6899  0.6132  0.5544
z           0.9065  0.8136  0.7327  0.6562  0.5945
g           0.7088  0.4580  0.3169  0.1910  0.0498



VARIANCE DECOMPOSITION SIMULATING ONE SHOCK AT A TIME (in percent)
              epsilon          epsilong  Tot. lin. contr.
y              110.61              2.20            112.81
c               85.36              1.51             86.87
n               96.66             14.29            110.95
v               85.36              5.11             90.47
k               82.26              1.67             83.93
r              100.80              4.34            105.14
z              101.01              0.00            101.01
g                0.00            101.01            101.01
Note: numbers do not add up to 100 due to non-zero correlation of simulated shocks in small samples

Total computing time : 0h00m01s
