data = [			
1.16883230005727	1.02780876381630	2.39633120037255	39.5460111218591
0.91999372919073	3.31391871642266	2.44483016131121	38.8197373284460
0.99041506289715	3.67387957365926	2.45357087966549	37.8772042441856
0.85096018128662	1.66251624031717	2.45818774162796	37.0045495511344
0.61451164699732	1.43475036844683	2.44500916827204	36.5753419006654
0.49968624352151	1.19340833553794	2.46508877858731	37.4675248480002
0.26573805041671	1.57970271219897	2.27176434747181	37.7781570694033
0.76935178437358	2.49230822901625	2.15991036253733	37.7518724572439
1.08599776856325	5.56156324716816	2.31458201238841	35.1741520830107
1.26885232162192	2.60975742144889	2.65549586680762	35.3265032982690
1.13185018477620	2.06406520010634	2.78438579257945	34.6018191496838
0.83197080364229	1.97941087322604	2.95557417405576	32.1366159160561
0.63477508469340	1.26670370906422	3.00260280776394	31.4863704820315
0.48837039144750	1.24528710308144	2.91607485240448	32.3514593691213
0.54269333166782	1.06219113283307	2.46235746014840	32.1974818934871
0.57690704567524	1.56942639212629	1.88792358022285	32.2503040610553
1.51377495850184	2.09804427510095	1.85026925092688	30.5655776503230
1.39747930419212	1.25401353408050	1.88829687508991	29.6549088609121
1.63511551483459	0.76001296310801	1.82364609641767	30.0862575593850
1.06792068552977	1.85405635883839	1.76935915147856	30.0052417607043
1.01659395624784	1.17825958607472	1.76252478699868	29.1172372118800
1.79454344218924	1.37598030152290	1.66309037693244	28.7559287306203
1.36363796911571	1.26366660810787	1.64226632827646	28.8185678034023
0.66935072892181	2.20226136029236	1.66665914743096	28.4169224985903
1.75716416928865	-0.23516545991058	1.62204170177165	27.4014704853754
1.42025209240780	2.66174130214565	1.67399504865196	27.0864153746173
1.38116196371180	2.57225251360153	1.83979233487745	27.1224566991869
1.38280190104246	1.02459170935775	2.00701954682594	26.8031330565853
1.62368784077798	3.57155684472052	2.07167326102062	24.4432890285180
0.81955698219575	0.79913789868610	2.08679838936727	22.8851003805370
1.17191367092834	1.19053206813700	2.21269275468203	22.7155779754269
1.41707966895458	2.29034394466708	2.43928786298704	22.0818900145131
0.42002699471435	3.20935131846848	2.48887775553508	20.9872205483803
1.22088620311268	0.63749486955945	2.58427436339619	19.6470586112342
0.23893156947936	2.63272539428575	2.71226120567292	19.5640034614514
-0.56926107003716	0.59482310733103	2.61058509116896	20.7732100874904
-1.55552996609510	4.17472131567227	2.29690645986729	20.0173097167824
-0.34321328346673	1.57131568732585	1.87258890544819	19.9526848899585
0.23191313108232	2.19899370496222	1.74626272401432	20.9701556006162
0.66696994104325	0.24335514968172	1.70770893760603	22.4996019478176
1.16670557146855	1.89456566506874	1.71646755556651	23.9081924070815
0.83942299994544	2.86799625474342	1.60359518401447	26.4452152273546
0.89023352385325	-0.05303869889144	1.54630214952740	27.8100644904260
0.93079507772748	1.24507220916087	1.40454481641183	28.7427511519654
0.98480593639618	1.20302987081513	1.35331128363341	29.4670538657922
0.55965383190273	1.77667291384328	1.33795039486344	30.3040173790198
0.41377347570942	1.92183504456422	1.34493100671893	31.3310640327738
0.68410228589266	1.24636148301421	1.34217152451666	32.5285458497125
0.56682846679405	0.71294000884249	1.34858480501332	32.7957010891632
0.83474915081011	1.21256510799014	1.36405344782331	32.5894598036674
0.40655011450991	0.79481244117987	1.25972597891284	33.2141926459812
0.47694443929813	1.05661810755049	1.21478772459240	34.3060524501321
0.77601275018238	2.20234846867966	1.23852170184318	33.8934791986070
0.72739154983497	1.38201083264543	1.24863607949848	33.4447266570853
0.47444720019562	1.24414792927461	1.24977361004603	34.2265086802654
0.53835704102264	1.45286903047563	1.24623166725657	35.3708717985311
-0.13793182944682	1.89376048232980	1.34678146193228	35.1529863463882
0.39467484458062	0.58307449113019	1.40774795962348	35.3047889467486
0.48057344122915	1.43872302569487	1.47025621339396	36.6562884793804
0.74877644998629	0.66881416584680	1.44887042750073	37.5119047421934
0.72235910522056	1.54213513893247	1.44245681726807	37.1642363938605
-0.84428198932746	2.30276105446210	1.40970165387806	36.9886584505316
0.45042412057101	0.85881481746367	1.50158115848977	38.3806376053115
0.43348324676122	1.49232057922041	1.56286154335847	39.1121282360421
0.23885777513057	2.53173271587648	1.69163001487322	38.2647679324895
0.09621506834126	1.98967906836969	1.74798655977850	37.2331425427623
-0.01217822358365	0.95788021598623	1.78017903306256	38.2385971421594
0.08489839944719	0.65473140539492	1.81789892148143	39.8374700364477
0.47213583537485	1.91392565890148	1.78222310670677	40.3125946585261
0.54529433625538	1.10145378264746	1.80011133323590	40.7842442668212
0.18389805193420	1.80758987099104	1.75304399104710	41.5495450264751
0.39336608758813	1.00315808236103	1.80253953649976	42.6158846117967
0.52903306500853	-0.11142964335960	1.74676158070795	44.1045925528928
-0.24866036208308	1.72673095055730	1.70757719378505	44.1351548409765
1.22980740943153	1.21250185478676	1.73209485376855	44.3629019939811
0.27751219503700	0.89166187016743	1.78290051706236	45.1357823217392
-0.87343316501752	0.43687287643597	1.77125276034145	45.8374237638491
0.45219358125140	1.95566037581813	1.73641384634617	46.1389012674562
0.10512697865238	1.29856698221946	1.69779438354756	47.5101106354810
-0.03621786997981	1.13297489953981	1.69853419980353	49.5898693231445
-0.04021792625828	1.28588945171832	1.57028080585673	49.4459990020416
-16.84257282951050	0.24009551199621	1.09157971742033	60.9556809283167
13.75638369391290	2.07413566687001	0.91342408658772	57.4136190325616
2.75555936486520	3.00201962877935	0.88904998673998	58.2076562458214
0.59757722358774	0.93021568102212	0.93651969584061	59.4171892709372
1.43528586804883	2.35976785315753	0.91498812349573	59.0412540980892
-1.70212971669039	0.53184337361276	0.93983160207951	61.2722149203151
1.60574950960394	0.58365649898730	0.93972609770010	61.1174676962338
1.30342464683515	0.78231224634986	0.91467542083870	60.4504875780232
-0.93773462097196	3.43724345362842	1.14147310018835	61.0001577226854
1.94770245387139	0.12661725149951	1.38056945573346	61.6525030688697
-1.39676794194785	0.84414549908464	1.53709858343669	63.5822382363836
0.63039615180280	2.12851620301862	1.63974187810554	62.0540740855236
0.68990448226605	0.27663153692563	1.96769849737795	62.6978932102874
-0.41210086204113	1.09888317303631	2.04748452679109	64.5444963861167
0.34699978646167	1.20797291270153	2.06229807362943	65.0897938608617
0.02881845001108	1.02042120754042	2.05141118759606	65.1435944515353
0.34404225316023	1.10453232127093	2.05974565498301	65.9686615137369
-0.34693976084589	0.62252092175710	2.00483706761672	69.7636180798987
];			
			
y_qq_obs = data(:,1);           
piy_qq_obs = data(:,2);
int_q_obs = data(:,3);		
debtY_obs = data(:,4);			