data = [
-0.0236530630632870	0.0355913613778105	0.0917000000000000	0.0113835370666635
-0.0156923419803148	0.0367207080587093	0.0979666666666667	0.0168657903301543
-0.0153941807454614	0.0349871490490861	0.1032000000000000	0.0053568779622877
-0.0165856547970762	0.0348965432900297	0.0880333333333333	0.0080103211522253
-0.0162718326703302	0.0346640155235032	0.0818333333333333	0.0220150752024253
-0.0168104580606832	0.0325570624059113	0.0746000000000000	0.0148578348450581
-0.0108859381505231	0.0297206684311750	0.0710666666666667	0.0221074483620285
-0.0125746553540877	0.0278330409665126	0.0716666666666667	0.0179402580741597
-0.0122305032520877	0.0229655568806515	0.0689666666666667	0.0120361235505388
-0.0165822265183531	0.0203383274739704	0.0614000000000000	0.0252908957732147
-0.0158198905296421	0.0184079261807497	0.0552333333333333	0.0276525128248162
-0.0191315053675112	0.0182708553907034	0.0535333333333333	0.0211438930095937
-0.0202462262327310	0.0196356732448431	0.0553666666666667	0.0136422187422056
-0.0179183442722510	0.0227533405041642	0.0565666666666667	0.0096427246654258
-0.0175695725046050	0.0262145864318963	0.0604333333333333	0.0021887855027201
-0.0087664374403556	0.0287122934850021	0.0586333333333333	0.0078031053287972
-0.0117027115694914	0.0301860303971599	0.0572333333333333	0.0078812383796958
-0.0066801170075954	0.0329664035115984	0.0621000000000000	0.0169138679973884
-0.0087621887473626	0.0373112355068361	0.0701000000000000	0.0069197702041928
-0.0033941299547773	0.0379900135504245	0.0772666666666667	0.0069332567531077
-0.0010540077143140	0.0405447276814845	0.0854000000000000	0.0022909311786954
-0.0011453980129113	0.0414533418547816	0.0841000000000000	-0.0040301278243486
-0.0013697699056547	0.0368454035785257	0.0784333333333333	0.0039763748838748
-0.0068437205173990	0.0353277785918822	0.0765333333333333	0.0121670000880556
-0.0031597974457740	0.0357033063985464	0.0776000000000000	0.0056960199007374
-0.0065188714162563	0.0362480019185751	0.0774666666666667	0.0083873335180291
-0.0125650728173921	0.0375065849170868	0.0747666666666667	0.0137895853694978
-0.0281558226754015	0.0378202642724741	0.0699000000000000	0.0047628993741267
-0.0390819210182296	0.0368404675067726	0.0602333333333333	0.0108185246304622
-0.0373558130077098	0.0330149944156233	0.0556000000000000	0.0064544542950973
-0.0382293005408312	0.0322549099125586	0.0537666666666667	0.0068231262750622
-0.0406283579704967	0.0307730686118006	0.0454000000000000	0.0078368301228027
-0.0345997436400061	0.0247267011858856	0.0389333333333333	0.0147691886293941
-0.0297441360498691	0.0234024859719666	0.0368000000000000	0.0094975267901045
-0.0259476818064259	0.0204997932456070	0.0308333333333333	0.0097814946938621
-0.0216492852404944	0.0214255651693103	0.0307000000000000	0.0086615207215131
-0.0261198724403404	0.0233105955217932	0.0296000000000000	-0.0009946667806942
-0.0265747030990160	0.0232457342138090	0.0296666666666667	0.0126285386235407
-0.0281102647404081	0.0243064471433296	0.0300333333333333	0.0086821984271541
-0.0209485612605862	0.0228914875865325	0.0306000000000000	0.0108351917772076
-0.0176593023335019	0.0220638700676430	0.0324333333333333	0.0044281363827405
-0.0105534169890116	0.0209521462916520	0.0398666666666667	0.0026215354564574
-0.0111544242274659	0.0207444538457526	0.0447666666666667	0.0012902023861017
-0.0062314781427335	0.0207176455722680	0.0528000000000000	0.0012307744281435
-0.0091509518308142	0.0213492926028405	0.0573666666666667	0.0021648752931363
-0.0126878180798045	0.0213315480912639	0.0559666666666667	0.0060733367938877
-0.0107509128066510	0.0205172079229046	0.0536666666666667	0.0110859136718888
-0.0106324762358860	0.0199103872568278	0.0526000000000000	0.0052480163168100
-0.0099005441234321	0.0193231997850125	0.0493000000000000	0.0126309399458417
-0.0005264998927341	0.0186567419101182	0.0502000000000000	0.0163973933666677
0.0007063264327654	0.0170116134154572	0.0509666666666667	0.0102202670992932
0.0028547913059995	0.0175417869752081	0.0497666666666667	0.0103149763448966
0.0006539133540278	0.0186735471067605	0.0506000000000000	0.0099856023026517
0.0081241285530997	0.0165658872746413	0.0504666666666667	0.0112674214382853
0.0111472276947384	0.0176258325170808	0.0504666666666667	0.0146405031396588
0.0100123446009364	0.0155701768988905	0.0509000000000000	0.0158520876148067
0.0100254346792141	0.0110843861660621	0.0505333333333333	0.0177143004567881
0.0090964028836682	0.0114216563645471	0.0497666666666667	0.0164558088796865
0.0113077185989199	0.0113858788083778	0.0482333333333333	0.0160464802294245
0.0170265877812712	0.0108597750888606	0.0425333333333333	0.0241383667823234
0.0160131759366471	0.0131648007944491	0.0440666666666667	0.0146946113265294
0.0132336087503209	0.0144208802681502	0.0445333333333333	0.0138731078765266
0.0157420642843973	0.0135490403454526	0.0465000000000000	0.0121793298221817
0.0220199045926370	0.0161562453069797	0.0504333333333333	0.0152083687188433
0.0150408311934807	0.0191759179362778	0.0552000000000000	-0.0000356563767312
0.0228692068723366	0.0216019719812319	0.0571333333333333	0.0098000638088953
0.0142939133267745	0.0238686535259829	0.0601666666666667	0.0094285764592197
0.0110699506204841	0.0237806522458470	0.0601666666666667	0.0102104838623820
-0.0007881348077556	0.0230917029218656	0.0481666666666667	0.0184343723255784
-0.0034823345770940	0.0230797052226839	0.0366000000000000	0.0234815907965569
-0.0157095575575235	0.0214140945038173	0.0317000000000000	0.0247072086384961
-0.0206152036744194	0.0194356741503343	0.0190666666666667	0.0269815272987746
-0.0191354608709311	0.0166402357155881	0.0172000000000000	0.0131665814541391
-0.0200619436783724	0.0141805695787509	0.0171333333333333	0.0103975065676911
-0.0224035719636184	0.0147647193879719	0.0164333333333333	0.0155879672422863
-0.0275119069105254	0.0171197718819638	0.0133333333333333	0.0090842358853935
-0.0285629508020495	0.0183570405360287	0.0115666666666667	0.0086594085305656
-0.0266011372414212	0.0177210668538361	0.0104000000000000	0.0138655608992195
-0.0163585359931324	0.0185233414724966	0.0093000000000000	0.0084121995306807
-0.0115878382711028	0.0187685591794660	0.0091666666666667	-0.0043581622361639
-0.0130039298112150	0.0216475636497604	0.0091666666666667	0.0117100167107971
-0.0122497875040404	0.0268409709182880	0.0107666666666667	0.0189969945057813
-0.0097928976781092	0.0279451688063883	0.0148666666666667	0.0113684300247154
-0.0068371367818902	0.0297334721529028	0.0200666666666667	0.0112092168725964
-0.0026551848566130	0.0302118612206934	0.0253666666666667	0.0052824163713501
-0.0046179675911069	0.0290632700652527	0.0286333333333333	0.0104129214616853
-0.0021250464680427	0.0315579969352751	0.0336000000000000	0.0118619501433237
-0.0019888526924352	0.0318854113648559	0.0382666666666667	0.0173156070057052
0.0053388073287004	0.0309543910850980	0.0439333333333333	0.0082210960749647
0.0020012005546954	0.0323017317168102	0.0470333333333333	0.0065898539629048
-0.0018080248562953	0.0302720238869592	0.0490666666666667	0.0114705489330289
0.0016519063673850	0.0259462196979463	0.0490333333333333	0.0154592855190714
-0.0008267670675006	0.0287717216576988	0.0498333333333333	0.0090707657844282
0.0000560306569377	0.0268911033833792	0.0473666666666667	0.0142331795350286
0.0006459262636822	0.0250481017413877	0.0430333333333333	0.0138381236306762
0.0019630907285086	0.0253329485402656	0.0339000000000000	0.0180577484440230
-0.0084376100859944	0.0192341658544439	0.0204333333333333	0.0237813118520052
-0.0076916341416857	0.0181334179459069	0.0162666666666667	0.0085083792806833
-0.0171989759650342	0.0204204123410063	0.0149333333333333	0.0140065738696107
-0.0428080372578616	0.0195720935780237	0.0029666666666667	0.0342092663624802
-0.0574144213465604	0.0157804457900008	0.0021333333333333	0.0012922261199249
-0.0618417370709525	0.0089817791941762	0.0017333333333333	-0.0107570913378074
-0.0609477675027223	0.0026156489694929	0.0015666666666667	-0.0154353379574026
];

ytilde_obs = data(:,1);
pii_obs = data(:,2);
int_obs = data(:,3);
