%% Data for South Africa from 1995Q1 to 2019Q4 (100 observations)
data	=	[
0.002496364	0.02112397	0.0182608
0.002870693	0.012805367	0.016464943
0.006612722	0.013929469	0.008908105
0.003357996	0.011857938	0.000953153
0.018355621	0.010119757	0.033533685
0.011843067	0.010592587	0.026810947
0.011844448	0.009590184	0.013746018
0.009337876	0.007516789	0.016605636
0.004631484	0.010206845	0.015742795
0.006254693	0.005635369	0.006178849
0.000993541	0.008189137	0.001751223
0.000138177	0.001921239	0.000363004
0.002623624	0.009010861	0.001577923
0.001413297	0.001565904	-0.022592805
-0.00219286	0.000583665	-0.006662234
0.00096228	-0.000507296	-0.014247977
0.009565108	0.001674865	-0.020131797
0.007927403	0.010591249	-0.008333278
0.010859623	0.010068671	0.014162288
0.010939687	0.008848819	0.027164482
0.011620542	0.011004525	0.024640453
0.009157876	0.011060687	0.019425842
0.009855426	0.010084635	0.020129829
0.008473599	0.007561672	0.014238817
0.006126312	0.00890734	0.021911395
0.00498442	0.00726624	0.014821325
0.002653856	0.008010114	0.003691555
0.007664074	0.010032626	0.006104928
0.010801432	0.01106472	0.022446273
0.012608698	0.002282649	-0.017351665
0.011254927	0.004700953	0.00595041
0.00828529	0.011118442	0.007772485
0.006327689	0.003051331	0.027432841
0.004871817	0.005798148	0.032112254
0.005412261	0.010000228	0.040258492
0.005752493	0.016836757	0.012606861
0.015024317	0.013390134	0.04555911
0.013878046	0.019618393	0.036380032
0.016218915	0.018755127	0.034722374
0.010622587	0.015400655	0.037269826
0.010114614	0.011496118	0.018004893
0.017786316	0.012418467	0.033949303
0.013544241	0.015387817	0.03371857
0.006671205	0.020911525	0.035447737
0.017419045	0.025171604	0.01083961
0.01410261	0.02110137	0.012587739
0.013717108	0.021221075	0.038898897
0.013733284	0.023592434	0.023791121
0.01610647	0.013452088	0.025968065
0.008162169	0.011287267	0.015346312
0.011650999	0.010790857	0.010554933
0.01407133	0.00991568	-0.002645655
0.004191473	-0.00272455	0.040886078
0.012134935	0.000932908	0.023597973
0.002386466	-0.000985399	0.026445753
-0.005708875	-0.004117688	0.028718509
-0.015677553	-0.013161521	-0.121873386
-0.003438036	-0.01015172	-0.043811354
0.002316446	-0.002649307	-0.045810137
0.006647555	-0.003276482	-0.003188737
0.01159952	0.034976128	0.008801967
0.008359194	0.021565511	-0.023350202
0.008862943	0.017962706	0.04681323
0.009264899	0.005424786	0.01153362
0.009799883	0.010445257	-0.003242666
0.005580936	0.007216996	-0.007146348
0.004129198	0.004894951	0.061862423
0.006817729	0.012413505	0.012760954
0.00565228	0.007278446	-0.024026355
0.008312844	0.006594934	0.053756657
0.004057259	0.009813223	-0.042713692
0.004758107	0.004262958	0.020733656
0.007730173	0.003481068	-0.008727823
0.007247588	0.003533235	0.029326263
0.004733252	-0.001040062	0.039062531
0.005369131	0.000241487	0.000593053
-0.00138027	0.00139955	-0.014539403
0.00393898	0.003923904	-0.039155327
0.004794224	0.003103299	-0.001598
0.00745987	0.002924324	0.034663835
0.007197626	0.010603133	-0.020578859
-0.008478662	0.003401278	-0.017338547
0.004494127	0.004881872	0.014683307
0.004325464	0.004087574	-0.032167343
0.00238573	-0.004393833	0.002375281
0.000961688	0.00151195	0.031725272
-0.00012179	0.005964522	-0.054261443
0.000848624	0.002900558	0.053919867
0.004710248	-0.00342394	0.001089103
0.00543813	0.011659719	-0.029551506
0.001837292	0.008260311	0.022017376
0.003925944	0.00786534	0.03912996
0.005276386	0.010347523	0.003755495
-0.0024897	0.007406431	-0.008307511
0.012223067	0.000592209	-0.00137539
0.002771278	0.008120264	-0.02702066
-0.008772699	-0.008794555	0.030501313
0.004511743	0.013156523	-0.002786992
0.001050718	0.003346482	0.039307699
-0.000362244	0.006932351	-0.033103383
];		
		
y_obs	=	data(:,1);
c_obs	=	data(:,2);
v_obs	=	data(:,3);
