data	=	[																											
0.00077858154656666	-0.02611791824455350	0.05900276331496790	0.00052038541129631	0.01112648545738660	-0.02083758819263320	0.00091831260552557	0.00122515408883306	0.00078517130005075	-0.00031682254435409	0.00025806170360023	0.00763017404338410	-0.00025008899423969	0.00124075933216992	0.00031843788322132	0.00330324035142930	-0.00005956294155110	0.00113501442166141	0.00147594408268292	-0.00123123820904920	0.01150838374943570	0.00906871004086779	-0.02813128216889210	-0.01849322768858060	-0.04261762583012730	-0.06879327063487210	0.00147594408268292	0	0	0
-0.00242492305596271	0.00287280054200066	0.02872230964107840	-0.00325109934870554	-0.00254015736522719	0.02812085148508240	-0.00240980352111509	0.00101276399122872	0.00113754267110276	0.00092956087084712	0.00000497627746866	0.01206018846364470	0.00182281449116410	-0.00465783261585686	-0.00060918651500863	-0.00148396320418014	-0.00089580996136850	0.00132650568516361	-0.00107819455829251	-0.00075328744091508	0.01092399832943570	0.00377201756289505	0.04140436317978650	0.02151071568049780	0.11453010950702000	-0.02800299398159870	-0.00107819455829251	0	0	0
-0.00217575888972258	-0.07051554467603080	0.07982570577207200	-0.01438114012008130	0.00171069197824275	-0.01352294365818530	-0.00124693807154540	0.00096930577403295	0.00025714024004568	-0.00079518785486544	0.00001104999190767	0.01367374139630850	0.00229723986117492	0.00587303434747466	-0.00283934735696401	0.01481319030186750	0.00042755320731539	-0.00212067971880739	-0.00224722863131714	-0.00141004098702598	0.01038163984943580	0.00114006641905932	0.03692310061489460	-0.00615662071798558	0.00089530633143040	-0.01988035636835390	-0.00224722863131714	0	0	0
-0.00782924010736507	0.04199284255957870	0.06111623858079230	0.02495803658638300	0.00207438746675882	-0.00874157688292698	-0.00618168838161313	0.00085951839193918	-0.00057054240797242	-0.00002011100291322	-0.00006952016736551	0.01024160040333770	0.00096803054173703	0.00076823707058232	-0.00139774300171022	-0.00268887263094795	-0.00048246485584902	-0.00072746331179948	-0.00218285494568441	-0.00128685654076469	0.00987051700943574	-0.00383981611735578	0.01402400125249190	-0.04582828068761460	-0.05486300901495910	0.01908326019078170	-0.00218285494568441	0	0	0
-0.01804132461151190	-0.00507463186867588	-0.01609255396136410	-0.01761099647251000	0.00184708945896099	-0.02074877450952380	-0.00231810917415666	0.00138026411356311	-0.00362102552144011	-0.00056347612535674	0.00023765159128511	0.00490783076076826	-0.00149822032557425	0.00050788194786143	0.00128891428586338	-0.00303214156960316	0.00065206013156841	0.00038645130983004	0.00118721958013198	-0.00090271604162775	0.00938738538943578	0.00942325113846429	-0.03103041822034760	0.00079159536828980	-0.02604935443160630	0.00902207989755896	0.00118721958013198	0	0	0
-0.00749597684143952	0.05906275121797030	-0.00488518544770042	0.00525677163781096	0.00184517064059342	-0.01262028872149180	-0.00612963798531543	-0.00111261548186600	0.00002567366727837	0.00000427792648730	-0.00020296428459663	0.00944949392424330	0.00047440082268326	0.00039267499947884	0.00020188217421169	0.00286709117459168	0.00023781591745207	0.00148915919659827	-0.00121728686041887	-0.00222527198997759	0.00893247274943580	-0.01281228427792120	0.00876528043151426	0.01434488992703850	0.07891187995374280	0.02762609780314120	-0.00121728686041887	0	0	0
-0.00623854840208505	-0.07050938187836370	0.01037698318134360	-0.00757360925952275	0.00228377716959743	-0.01699914247141840	0.01341077083494950	0.00029324306638673	0.00032054220821736	0.00040883539270982	0.00000288694800713	0.01264492029644930	0.00203176052515568	-0.00400749447320093	-0.00161698491692718	-0.00433236468538123	-0.00137265259707033	0.00545563804256928	-0.00485841764316223	-0.00086465250455972	0.00850941812943579	-0.00121032868901663	-0.00046526056970902	-0.00874990825533371	-0.05220720208760000	0.01812575968499670	-0.00485841764316223	0	0	0
0.00490743526059698	0.00421720307945435	0.05640222424320480	-0.00500934647348600	0.00930656566523110	-0.01422208296954670	-0.01075050690630220	-0.00009525130776978	0.00237799759803959	-0.00151514759344229	0.00039203427680686	0.00999912382981359	0.00076878792981931	0.00316619811678306	0.00051425000288224	0.00891900451204687	0.00086089864635297	0.00184668616106923	-0.00239338970146384	0.00002970850050856	0.00811980514943583	0.01040630585201240	-0.00784701850141665	-0.01812190904173910	0.01053580218055220	0.00617444482674649	-0.00239338970146384	0	0	0
0.01726718454754590	0.03035968299444800	0.12362886418733300	-0.00042381399859789	-0.01124422388237310	0.01164184379874830	0.00540748278154683	-0.00037179293286113	0.00500377554345639	-0.00023624956333905	0.00007975310578933	0.01059860982290110	0.00136180953399022	0.00031267078620679	0.00007139608446856	0.00718987321422687	0.00003864862328445	0.00054694891060400	-0.00125081856331066	-0.00062724519015372	0.00775675167943580	0.00014546826292359	0.00545217881889850	-0.01939452668927670	0.02482570384146240	0.01199101648751410	-0.00125081856331066	0	0	0
0.00047825775155992	0.00031711506463923	0.04154577033766050	-0.00452454754628767	0.02481126618732110	-0.05402937495869200	-0.00011776909429397	0.00013713811788088	0.00035923739636375	0.00004289607958342	-0.00008628959082482	0.01337281778193090	0.00273294081743217	-0.00194373130844852	-0.00097660289315329	0.00387333522932573	-0.00090030373528888	0.00211097331293083	-0.00508155325648930	-0.00066146845843547	0.00741269066943583	-0.00165228559922459	-0.00556691283522859	0.01506035552576630	0.05156877142099200	0.02487809989313630	-0.00508155325648930	0	0	0
0.00120828794585976	0.00727720029704606	0.09424587772438620	-0.00385319045419841	-0.00845138200578788	0.05946075962570200	-0.00012942478255825	0.00067255724568871	-0.00095462105176832	-0.00092449668258450	0.00010492190486287	0.00678140983372861	-0.00012661806678073	0.00266937720588766	-0.00028292032573184	0.00685122264111081	0.00162586924764476	0.00056779558719047	-0.00062783650246336	-0.00060272348893238	0.00707976496943583	-0.00408925486417063	0.02045067796929120	0.00521172394598175	0.00296907201596672	0.03626759788797640	-0.00062783650246336	0	0	0
0.00429832224535983	-0.03826053284873890	0.00457814123393946	-0.01656493268507400	0.00755606703803116	-0.03367907186891010	0.00218739368369673	0.00044821805955563	0.00006251470163005	-0.00060607089848781	-0.00003993644288092	0.01014248995683450	0.00145314697087005	0.00255968114893454	-0.00163361021396196	0.00632297528209464	0.00024133468552745	0.00025029231758156	-0.00346346489810724	-0.00093713898518913	0.00675080293943584	-0.00539249566996766	0.02528692135158720	0.00688651838482597	0.00636735299311597	0.03667721926067770	-0.00346346489810724	0	0	0
-0.01629636497471290	0.03259255561661370	0.04559652736620160	0.00419207844310371	0.00198841894792588	-0.00793685414020431	-0.00057613713705144	0.00092199049814203	-0.00488702623529868	-0.00046429961145958	0.00013442468801800	0.00429875401787850	-0.00090237318154791	0.00054702631330208	-0.00067596339119042	-0.00028320570357456	0.00069191133722744	0.00147847807904472	-0.00046997363887210	-0.00056435771662639	0.00642264570943582	-0.00358997700997149	-0.01259904415872470	-0.03152465209665360	-0.01383602544319620	0.02393730149560250	-0.00046997363887210	0	0	0
0.00191578020602398	-0.00852497119596849	0.04484415541356820	-0.01611792283671380	0.02058922781251440	-0.02105164091886680	0.00164973877340675	0.00004660181332978	0.00044069723596307	-0.00028306903373219	0.00002512205799929	0.01049593614209610	0.00192082076458403	-0.00038567430566301	-0.00208448601247284	0.00310245304285419	-0.00072898429128911	0.00129541851164862	-0.00526054359579314	-0.00152019914875923	0.00609543027943586	-0.00156935814108922	-0.01163768597524360	-0.01508328642894320	-0.01856164789312290	0.03599723714125070	-0.00526054359579314	0	0	0
