data = [
0.016987386516156	0.004428801745926	0.003952654708008	0.014422432922078	-0.004813066084872	0.022419255230278	0.030721712646548
0.064280055056103	0.005035962499242	0.004910152395969	0.014440789470214	-0.003801077720508	0.023771802212234	0.032157034278866
-0.112572240605885	0.005171613596505	0.002905351021371	0.013793902844570	-0.003657752171624	0.008256927644572	0.033178609810609
0.041709869579679	0.002402972832706	0.003492160979189	0.013375812168066	-0.003701398638134	0.009095105897253	0.032845984766154
0.084295569870606	0.004489803483817	0.005804726247874	0.011969475455632	0.006608084973199	0.021939541289491	0.033359906330289
0.042110390174790	0.007434832576609	0.006756700030296	0.011354290454788	0.011513435114915	0.019733155111078	0.036285202416558
0.067164836376473	0.004776366121551	0.002169857024591	0.011148713960682	0.004496505188161	0.022752644950792	0.036442420076475
0.116092528414010	0.006105394687009	0.004133029563265	0.010723393525283	0.002882541600831	0.023076333409693	0.036464873902663
-0.112396284645427	0.004242485239770	0.005006652844161	0.010597940204045	-0.003502165117499	0.026198796821620	0.037675219369793
-0.164941001117435	0.008363334137758	0.005501600749551	0.010560876964136	-0.000125341974917	0.017621601349819	0.036988382727399
0.021389933565829	0.006826247702666	0.003775508240687	0.010753628970820	-0.004012842528968	0.015754559807179	0.035250273328517
0.009290286007876	0.007904465379039	0.003058864216993	0.011009556737938	-0.004475847011937	0.007009374492577	0.034626318092334
-0.284707127695809	0.003212644071271	0.001639082950629	0.010657759097084	-0.004609613446774	0.013107358046764	0.033050133674470
-0.059073647434148	0.003224621574425	0.004494806482904	0.010522178462157	-0.004340913114288	0.014071348357770	0.033269269999247
-0.073214408952336	0.005640032314952	0.001118105149518	0.010288549184438	-0.007813771571604	0.040338493966897	0.046889437184134
-0.108618908429869	0.006632394557801	0.002722343442669	0.009194695558473	-0.004507335037136	0.019397159882735	0.042548284927996
0.008710433651283	0.003749434992713	0.001071769743178	0.008207986464928	0.003816920229505	0.007442883907080	0.036726727447283
0.307734965132300	0.004637371604854	0.005718352308681	0.007582850713355	0.002706372032127	0.003172927040577	0.032187346814941
0.285023586699198	0.009778027866714	0.002496765043894	0.007788444988753	0.005728640870203	0.002811952643720	0.027932700113760
0.149923351503223	0.010949789653842	0.003187070246248	0.009089373738090	0.005845715905542	0.005949273890209	0.025793134216886
0.109788841462744	0.006638189573121	0.004565248708926	0.009653783308677	0.006065010121854	0.015579335357507	0.023950723011848
-0.011426018189985	0.008659886894748	0.005466968898738	0.010667965637897	0.003957466338257	0.023762149932447	0.024408382469233
0.131563058522262	0.002025827970686	0.004440062071637	0.011421316026415	0.004595821732597	0.018611371367678	0.024532387843259
-0.036472926406402	0.005363451323430	0.005008168129801	0.011792996940232	0.003187070725718	0.009829699068503	0.024586626037854
-0.141151460812793	0.005082079801777	0.002415237161173	0.010573779464939	0.001148688086543	0.019374193343590	0.024454889761934
0.042901604833396	0.000576118523566	0.009801595826163	0.009562464207864	-0.000376001496331	0.014288225296897	0.024664094236907
-0.075542042942193	-0.002175713513916	0.000559241818171	0.008800146964118	-0.002661932986403	0.003147626142993	0.022667559604094
-0.269141994342118	0.000043027574860	0.001030018084434	0.006791775391612	0.002471188528070	0.005328331051787	0.021645355049640
0.084520863069071	0.002207823698784	0.003480549083103	0.006568849134651	0.007809874573102	0.033319616460179	0.023173624625722
0.162346514300831	0.004391583538111	0.007833481602078	0.006704441792712	0.007031540687558	0.033610632058638	0.026587411667557
0.071008098793118	0.003095928666601	0.001358980499515	0.006487386402712	0.003291481222477	0.029550737415625	0.027902009601405
-0.011606965123845	0.000770437895826	0.004526629974134	0.006027894573318	0.001977874292114	0.030762654797019	0.029540105648686
0.159092421454411	-0.001616240741169	0.005369271861470	0.005332393240181	0.004751526546796	0.014059985568299	0.030036113404398
-0.189955571531972	0.003077374049079	0.003947023084347	0.004805089210949	0.000626933813660	0.005221943981152	0.029119846125509
0.081234436842274	0.006648548555311	0.002300007188012	0.004460777512126	0.001342230343178	-0.007131310611076	0.024547885350264
0.028381725202692	0.006892831735635	0.004124594655794	0.004590868953372	0.001815132133428	-0.019462737114839	0.018812448480388
0.078986407080104	0.005436425812321	0.003591885070678	0.004567892101743	0.011191051011754	0.003600773710257	0.018504982383135
0.096216425999319	0.003107489149182	0.008674054397210	0.004821152130962	0.010127323971680	0.005644030060707	0.018883362677763
0.153030638478200	0.002871319496223	0.001885414304305	0.005214701386133	0.012538740428094	0.001354763431546	0.018205131957985
0.057780733531889	0.001560862957668	0.006999362676309	0.005544834780741	0.007020586101826	0.005767948739575	0.017691614960554
0.076142288707949	0.004053191496609	0.000969707217507	0.005826718688769	0.006639512837040	0.006383562712956	0.017628359117399
0.070642398717167	0.005512261463043	0.008529102280095	0.005971314807401	0.014476034663314	0.004932491604656	0.016630520010263
0.169124143821919	0.006518791596479	0.005322208205441	0.006165799189247	0.010372514863921	0.006592458654978	0.016416314642346
-0.083666374885181	0.005000508910201	0.006060909461248	0.006680087286797	0.003596372954747	0.002480993669569	0.016662242625002
0.080222010502491	0.006554298824283	0.001928179510610	0.007328877830018	0.014402685724441	0.006255125078423	0.016225796112021
0.108113147152240	0.005169600164399	0.010551191450600	0.007950275210750	0.011121660516881	0.009762344590556	0.016709820981221
-0.002251778653891	0.001405042345569	0.003545346926257	0.008576337430073	0.010704628429019	0.018432803712025	0.018418210810321
-0.155416529012690	0.007284920707414	0.001361602524902	0.009152891122145	0.010645263127785	0.010562599403642	0.020086644921050
-0.035771627553925	0.004571749314931	0.003071166242990	0.009627940712505	0.012965803536559	0.011359225569021	0.020714120549095
0.161025626323420	0.004118627650699	0.010678826126783	0.009905913170366	0.005017612860776	0.018044138727657	0.020839476905670
0.087162754878394	0.002421964779331	0.001657522635439	0.010262842590346	0.008557329483364	0.020962973261776	0.022145135849483
0.155674792535922	0.003449448840297	0.011184271315853	0.009906944872000	0.011049211003747	0.019464196720200	0.024478141033273
0.083906229237935	0.001254425341661	0.006505712778914	0.008712344041157	0.001209102237305	0.027493956491893	0.024865429360285
0.210501046615292	-0.003996780303080	0.014497601592876	0.008921605616785	0.009136095768077	0.026899669637637	0.025885766380817
-0.067043225538819	-0.009503796950854	0.007653425859118	0.008992432263190	-0.000640913167972	0.032016213898958	0.027110780386440
-0.731577088616294	-0.021112068736276	-0.006991809829481	0.006433480540355	-0.008802751568613	0.009490477669615	0.026086383366289
-0.200476714185331	-0.027355472779521	-0.006740549366774	0.002975885113246	-0.018857385671431	0.015485232004726	0.022947934561099
0.272073197351999	-0.000682860680491	0.006451612534234	0.001993605326213	-0.006703743810882	0.020809074188044	0.018788807123622
0.148900234706082	0.001196455024524	0.001104603309284	0.001370688332426	-0.001028778788879	0.016107203466122	0.017446432832481
0.085087299844834	0.005715491342784	0.005010706449045	0.001130741622960	0.003219760782223	0.003889542048662	0.017082287218689
0.019726649964153	0.004557453560521	0.001748194380072	0.001107401249803	0.007834335823885	0.011578670460547	0.017169401102007
0.020980032939510	0.008541332593103	0.008228556783133	0.001166918434311	0.003313637728764	0.009927534760418	0.016035170368105
-0.021610084818501	0.005433732762283	-0.000150897473905	0.001393501994023	0.007599030892634	0.007570058860545	0.015454689931039
