data = [
0.0044288017459264	0.0039526547080078	0.0144224329220777	-0.0048130660848722	0.0127055801407017	0.0143482117986471	-0.0091946423840161	0.0224192552302784	0.0307217126465478	0.0096722946425079
0.0050359624992415	0.0049101523959694	0.0144407894702139	-0.0038010777205084	0.0045739651984977	0.0303112915987969	-0.0252624731767668	0.0237718022122335	0.0321570342788664	-0.0064377904748483
0.0051716135965050	0.0029053510213712	0.0137939028445702	-0.0036577521716241	0.0059644336510036	-0.0031092635226315	0.0013274666636836	0.0082569276445716	0.0331786098106088	0.0000000000000000
0.0024029728327060	0.0034921609791887	0.0133758121680663	-0.0037013986381340	0.0042175302187344	-0.0034623762495265	-0.0017087644499085	0.0090951058972530	0.0328459847661542	0.0117711364502107
0.0044898034838168	0.0058047262478738	0.0119694754556319	0.0066080849731995	0.0027934508546341	0.0287123154609832	0.0102266106661180	0.0219395412894907	0.0333599063302890	0.0000000000000000
0.0074348325766094	0.0067567000302962	0.0113542904547876	0.0115134351149142	0.0035496967697171	0.0241637574063747	-0.0169733425986713	0.0197331551110782	0.0362852024165583	0.0084746269909726
0.0047763661215514	0.0021698570245912	0.0111487139606823	0.0044965051881611	0.0028020224298806	0.0113023853006506	0.0141126254563471	0.0227526449507920	0.0364424200764752	0.0000000000000000
0.0061053946870091	0.0041330295632651	0.0107233935252826	0.0028825416008314	0.0009600520885216	0.0034124910243261	0.0168214029363227	0.0230763334096933	0.0364648739026630	0.0010542963549058
0.0042424852397698	0.0050066528441608	0.0105979402040453	-0.0035021651174994	0.0038358134403174	0.0149255665713639	-0.0239853714349385	0.0261987968216202	0.0376752193697925	-0.0042238711161851
0.0083633341377576	0.0055016007495512	0.0105608769641361	-0.0001253419749165	-0.0005880661261068	0.0028416077727513	0.0056865595076472	0.0176216013498194	0.0369883827273991	0.0010576415581349
0.0068262477026657	0.0037755082406870	0.0107536289708201	-0.0040128425289674	0.0020894745826547	-0.0018007102814703	-0.0006268536743539	0.0157545598071787	0.0352502733285174	0.0031662295580501
0.0079044653790392	0.0030588642169933	0.0110095567379378	-0.0044758470119373	-0.0040635744277706	-0.0000167380288536	0.0062455841291094	0.0070093744925766	0.0346263180923341	-0.0031662295580501
0.0032126440712705	0.0016390829506294	0.0106577590970836	-0.0046096134467737	0.0031386772886588	0.0160634705869525	0.0357651947367277	0.0131073580467636	0.0330501336744702	-0.0213683344056985
0.0032246215744252	0.0044948064829038	0.0105221784621568	-0.0043409131142882	-0.0041878485406821	-0.0064843899634051	-0.0008853135951394	0.0140713483577697	0.0332692699992470	0.0032345041676596
0.0056400323149521	0.0011181051495184	0.0102885491844376	-0.0078137715716040	-0.0050363415078683	0.0192261628309884	-0.0044315667216948	0.0403384939668974	0.0468894371841340	-0.0043150013014133
0.0066323945578013	0.0027223434426693	0.0091946955584727	-0.0045073350371356	-0.0059808627513704	0.0094593118793798	0.0374944457276909	0.0193971598827352	0.0425482849279955	-0.0010816658707418
0.0037494349927130	0.0010717697431781	0.0082079864649278	0.0038169202295046	-0.0036620979779189	-0.0785887658685205	-0.0335050068526384	0.0074428839070801	0.0367267274472827	-0.0010828371388314
0.0046373716048542	0.0057183523086808	0.0075828507133553	0.0027063720321268	0.0053700602252729	-0.0458565273813427	0.0136019206709710	0.0031729270405769	0.0321873468149405	-0.0032555644597663
0.0097780278667141	0.0024967650438938	0.0077884449887529	0.0057281104851032	0.0049351520570280	-0.0102185284008307	-0.0145278569098757	0.0028119526437198	0.0279327001137595	-0.0010875476873986
0.0109497896538420	0.0031870702462475	0.0090893737380897	0.0058462462906417	0.0037588772731727	0.0102028290920098	-0.0231908554326292	0.0059492738902085	0.0257931342168860	-0.0054555509015373
0.0066381895731213	0.0045652487089258	0.0096537833086769	0.0060650101218531	0.0058838233237655	0.0090097045663997	0.0016300315002358	0.0155793353575069	0.0239507230118479	-0.0021905813798187
0.0086598868947476	0.0054669688987383	0.0106679656378974	0.0039574663382576	0.0058595673523230	0.0090252631464072	-0.0147529768113701	0.0237621499324474	0.0244083824692332	-0.0043956114730381
0.0020258279706855	0.0044400620716365	0.0114213160264147	0.0045958217325959	0.0048253417372477	0.0128076070611600	-0.0322359334335678	0.0186113713676779	0.0245323878432591	-0.0055218251843083
0.0053634513234302	0.0050081681298009	0.0117929969402324	0.0031870707257187	0.0022770490283905	0.0158465598878852	-0.0154168976590441	0.0098296990685025	0.0245866260378538	0.0055218251843083
0.0050820798017766	0.0024152371611725	0.0105737794649385	0.0011486880865426	0.0035825754836925	-0.0026560304857703	-0.0011999181578712	0.0193741933435900	0.0244548897619341	-0.0033094349013672
0.0005761185235658	0.0098015958261630	0.0095624642078640	-0.0003760014963303	0.0019034913266003	-0.0078777857137213	0.0112567588468631	0.0142882252968972	0.0246640942369065	-0.0033204236373026
-0.0021757135139158	0.0005592418181708	0.0088001469641179	-0.0026619329864031	0.0026956452198519	-0.0054223873798485	-0.0042659293760599	0.0031476261429928	0.0226675596040935	-0.0022197567383131
0.0000430275748604	0.0010300180844345	0.0067917753916118	0.0024711885280708	0.0048449301258029	-0.0086916368424355	0.0068665840009246	0.0053283310517873	0.0216453550496400	0.0033277900926745
0.0022078236987841	0.0034805490831031	0.0065688491346507	0.0078098745731010	0.0059816459100719	0.0093962180444063	-0.0408993442019270	0.0333196164601794	0.0231736246257221	0.0011068069751916
0.0043915835381112	0.0078334816020780	0.0067044417927125	0.0070315406875592	-0.0027225085349372	0.0028814690762502	0.0155080026813517	0.0336106320586378	0.0265874116675573	0.0033130897229601
0.0030959286666006	0.0013589804995151	0.0064873864027122	0.0032914812224760	-0.0001767485765192	0.0167580281544497	0.0099592234208279	0.0295507374156250	0.0279020096014047	0.0109650221413284
0.0007704378958264	0.0045266299741344	0.0060278945733179	0.0019778742921148	0.0064382164447272	0.0201389425273026	-0.0345629415454694	0.0307626547970186	0.0295401056486864	-0.0010911075823348
-0.0016162407411686	0.0053692718614702	0.0053323932401814	0.0047515265467957	-0.0014083249113255	0.0119917332673278	0.0041294715088514	0.0140599855682986	0.0300361134043983	-0.0065717651632351
0.0030773740490790	0.0039470230843470	0.0048050892109490	0.0006269338136597	0.0015531251463532	0.0300754795590619	-0.0123145861595475	0.0052219439811516	0.0291198461255087	-0.0222231367847101
0.0066485485553107	0.0023000071880119	0.0044607775121259	0.0013422303431789	0.0059307237884845	0.0267053777819113	0.0042054602650454	-0.0071313106110758	0.0245478853502643	0.0044843124473291
0.0068928317356347	0.0041245946557940	0.0045908689533720	0.0018151321334279	0.0129000125313312	0.0282839118080673	-0.0076605535104788	-0.0194627371148393	0.0188124484803878	0.0066889881507963
0.0054364258123210	0.0035918850706782	0.0045678921017434	0.0111910510117545	0.0095554173542038	0.0257617178586242	0.0070896787606349	0.0036007737102572	0.0185049823831351	0.0088496152769828
0.0031074891491825	0.0086740543972104	0.0048211521309625	0.0101273239716799	0.0158681243392365	0.0158322841732099	0.0105430875856269	0.0056440300607070	0.0188833626777627	0.0076796866742281
0.0028713194962231	0.0018854143043052	0.0052147013861328	0.0125387404280946	0.0150751987442637	0.0370063788259385	0.0018862998900122	0.0013547634315456	0.0182051319579852	0.0173352120015453
0.0015608629576684	0.0069993626763090	0.0055448347807414	0.0070205861018260	0.0117992010615211	0.0298359921663405	0.0128202548415377	0.0057679487395745	0.0176916149605535	0.0106838623083130
0.0040531914966087	0.0009697072175072	0.0058267186887695	0.0066395128370407	0.0080204154554529	0.0077786681913175	-0.0072437057452310	0.0063835627129558	0.0176283591173987	0.0010621349909830
